-3.089102 
-3.089102 
-3.089102 
-3.089114 
-3.089158 
-3.089241 
-3.089362 
-3.089519 
-3.089713 
-3.089942 
-3.090207 
-3.090507 
-3.090842 
-3.091211 
-3.091613 
-3.092049 
-3.092518 
-3.093020 
-3.093555 
-3.094121 
-3.094719 
-3.095349 
-3.096010 
-3.096701 
-3.097423 
-3.098176 
-3.098958 
-3.099770 
-3.100612 
-3.101483 
-3.102383 
-3.103312 
-3.104270 
-3.105256 
-3.106270 
-3.107313 
-3.108384 
-3.109482 
-3.110608 
-3.111762 
-3.112944 
-3.114153 
-3.115389 
-3.116653 
-3.117944 
-3.119262 
-3.120607 
-3.121979 
-3.123379 
-3.124805 
-3.126259 
-3.127740 
-3.129248 
-3.130783 
-3.132345 
-3.133935 
-3.135553 
-3.137197 
-3.138870 
-3.140570 
-3.142298 
-3.144054 
-3.145839 
-3.147651 
-3.149492 
-3.151362 
-3.153260 
-3.155188 
-3.157145 
-3.159131 
-3.161147 
-3.163193 
-3.165269 
-3.167376 
-3.169513 
-3.171682 
-3.173881 
-3.176113 
-3.178376 
-3.180671 
-3.183000 
-3.185361 
-3.187755 
-3.190182 
-3.192644 
-3.195140 
-3.197671 
-3.200237 
-3.202838 
-3.205476 
-3.208149 
-3.210859 
-3.213606 
-3.216391 
-3.219214 
-3.222075 
-3.224975 
-3.227914 
-3.230893 
-3.233912 
-3.236972 
-3.240073 
-3.243215 
-3.246400 
-3.249626 
-3.252896 
-3.256209 
-3.259567 
-3.262968 
-3.266414 
-3.269906 
-3.273444 
-3.277027 
-3.280658 
-3.284336 
-3.288061 
-3.291835 
-3.295657 
-3.299529 
-3.303450 
-3.307421 
-3.311442 
-3.315515 
-3.319639 
-3.323814 
-3.328042 
-3.332323 
-3.336656 
-3.341043 
-3.345484 
-3.349979 
-3.354529 
-3.359133 
-3.363793 
-3.368508 
-3.373280 
-3.378108 
-3.382992 
-3.387933 
-3.392931 
-3.397986 
-3.403099 
-3.408270 
-3.413499 
-3.418786 
-3.424131 
-3.429534 
-3.434996 
-3.440517 
-3.446096 
-3.451734 
-3.457431 
-3.463186 
-3.469000 
-3.474873 
-3.480804 
-3.486794 
-3.492842 
-3.498948 
-3.505112 
-3.511334 
-3.517613 
-3.523949 
-3.530343 
-3.536793 
-3.543299 
-3.549861 
-3.556478 
-3.563150 
-3.569877 
-3.576657 
-3.583491 
-3.590377 
-3.597316 
-3.604306 
-3.611347 
-3.618438 
-3.625578 
-3.632767 
-3.640003 
-3.647286 
-3.654615 
-3.661989 
-3.669407 
-3.676868 
-3.684371 
-3.691915 
-3.699499 
-3.707121 
-3.714781 
-3.722477 
-3.730208 
-3.737973 
-3.745769 
-3.753597 
-3.761455 
-3.769341 
-3.777253 
-3.785191 
-3.793152 
-3.801135 
-3.809138 
-3.817160 
-3.825199 
-3.833253 
-3.841321 
-3.849400 
-3.857489 
-3.865586 
-3.873688 
-3.881795 
-3.889903 
-3.898011 
-3.906117 
-3.914218 
-3.922312 
-3.930398 
-3.938472 
-3.946533 
-3.954578 
-3.962604 
-3.970610 
-3.978592 
-3.986548 
-3.994476 
-4.002372 
-4.010234 
-4.018060 
-4.025845 
-4.033588 
-4.041285 
-4.048933 
-4.056529 
-4.064068 
-4.071549 
-4.078967 
-4.086319 
-4.093600 
-4.100806 
-4.107933 
-4.114977 
-4.121932 
-4.128793 
-4.135556 
-4.142213 
-4.148758 
-4.155186 
-4.161487 
-4.167653 
-4.173675 
-4.179542 
-4.185243 
-4.190762 
-4.196083 
-4.201186 
-4.206044 
-4.210625 
-4.214881 
-4.218742 
-4.222078 
-4.224494 
-4.226925 
-4.229895 
-4.233373 
-4.237274 
-4.241536 
-4.246114 
-4.250976 
-4.256097 
-4.261457 
-4.267040 
-4.272833 
-4.278826 
-4.285008 
-4.291373 
-4.297912 
-4.304620 
-4.311491 
-4.318520 
-4.325703 
-4.333036 
-4.340516 
-4.348139 
-4.355902 
-4.363802 
-4.371838 
-4.380007 
-4.388306 
-4.396733 
-4.405288 
-4.413968 
-4.422771 
-4.431697 
-4.440743 
-4.449909 
-4.459193 
-4.468594 
-4.478110 
-4.487742 
-4.497488 
-4.507347 
-4.517318 
-4.527401 
-4.537594 
-4.547897 
-4.558309 
-4.568829 
-4.579457 
-4.590192 
-4.601034 
-4.611981 
-4.623033 
-4.634189 
-4.645450 
-4.656813 
-4.668279 
-4.679847 
-4.691517 
-4.703286 
-4.715156 
-4.727126 
-4.739194 
-4.751360 
-4.763623 
-4.775982 
-4.788437 
-4.800987 
-4.813630 
-4.826367 
-4.839195 
-4.852115 
-4.865124 
-4.878223 
-4.891409 
-4.904681 
-4.918040 
-4.931481 
-4.945006 
-4.958612 
-4.972297 
-4.986060 
-4.999900 
-5.013814 
-5.027801 
-5.041858 
-5.055985 
-5.070179 
-5.084437 
-5.098757 
-5.113138 
-5.127576 
-5.142069 
-5.156614 
-5.171210 
-5.185852 
-5.200538 
-5.215265 
-5.230031 
-5.244830 
-5.259661 
-5.274520 
-5.289404 
-5.304309 
-5.319230 
-5.334165 
-5.349110 
-5.364060 
-5.379012 
-5.393961 
-5.408904 
-5.423836 
-5.438752 
-5.453649 
-5.468521 
-5.483365 
-5.498176 
-5.512948 
-5.527678 
-5.542360 
-5.556990 
-5.571562 
-5.586073 
-5.600517 
-5.614888 
-5.629182 
-5.643394 
-5.657518 
-5.671550 
-5.685484 
-5.699314 
-5.713036 
-5.726643 
-5.740130 
-5.753492 
-5.766722 
-5.779814 
-5.792763 
-5.805563 
-5.818205 
-5.830685 
-5.842994 
-5.855126 
-5.867072 
-5.878825 
-5.890376 
-5.901715 
-5.912833 
-5.923718 
-5.934359 
-5.944742 
-5.954852 
-5.964674 
-5.974186 
-5.983367 
-5.992190 
-6.000621 
-6.008617 
-6.016122 
-6.023056 
-6.029292 
-6.034580 
-6.037887 
-6.041840 
-6.046763 
-6.052514 
-6.058944 
-6.065950 
-6.073455 
-6.081401 
-6.089747 
-6.098457 
-6.107501 
-6.116857 
-6.126503 
-6.136420 
-6.146594 
-6.157009 
-6.167653 
-6.178513 
-6.189578 
-6.200838 
-6.212284 
-6.223905 
-6.235694 
-6.247641 
-6.259738 
-6.271978 
-6.284352 
-6.296851 
-6.309469 
-6.322195 
-6.335022 
-6.347941 
-6.360939 
-6.374007 
-6.387129 
-6.400289 
-6.413464 
-6.426622 
-6.439715 
-6.452665 
-6.465330 
-6.477433 
-6.488370 
-6.496270 
-6.504762 
-6.515191 
-6.527185 
-6.540172 
-6.553708 
-6.567528 
-6.581495 
-6.595534 
-6.609608 
-6.623690 
-6.637766 
-6.651822 
-6.665848 
-6.679834 
-6.693773 
-6.707655 
-6.721473 
-6.735220 
-6.748888 
-6.762469 
-6.775955 
-6.789341 
-6.802618 
-6.815780 
-6.828819 
-6.841728 
-6.854501 
-6.867131 
-6.879611 
-6.891935 
-6.904097 
-6.916090 
-6.927908 
-6.939546 
-6.950997 
-6.962255 
-6.973315 
-6.984172 
-6.994818 
-7.005249 
-7.015458 
-7.025439 
-7.035186 
-7.044691 
-7.053948 
-7.062949 
-7.071684 
-7.080143 
-7.088316 
-7.096189 
-7.103746 
-7.110967 
-7.117828 
-7.124298 
-7.130332 
-7.135866 
-7.140792 
-7.144884 
-7.146645 
-7.149498 
-7.153262 
-7.157730 
-7.162749 
-7.168217 
-7.174062 
-7.180234 
-7.186690 
-7.193398 
-7.200330 
-7.207461 
-7.214772 
-7.222243 
-7.229857 
-7.237601 
-7.245459 
-7.253419 
-7.261468 
-7.269595 
-7.277790 
-7.286041 
-7.294340 
-7.302677 
-7.311043 
-7.319429 
-7.327826 
-7.336228 
-7.344625 
-7.353010 
-7.361376 
-7.369716 
-7.378022 
-7.386287 
-7.394504 
-7.402668 
-7.410771 
-7.418806 
-7.426769 
-7.434651 
-7.442448 
-7.450153 
-7.457760 
-7.465264 
-7.472659 
-7.479939 
-7.487098 
-7.494131 
-7.501033 
-7.507799 
-7.514422 
-7.520898 
-7.527223 
-7.533390 
-7.539395 
-7.545233 
-7.550900 
-7.556391 
-7.561700 
-7.566825 
-7.571760 
-7.576500 
-7.581043 
-7.585384 
-7.589518 
-7.593443 
-7.597154 
-7.600647 
-7.603919 
-7.606968 
-7.609788 
-7.612378 
-7.614734 
-7.616854 
-7.618735 
-7.620373 
-7.621768 
-7.622915 
-7.623814 
-7.624462 
-7.624858 
-7.625000 
-7.624885 
-7.624514 
-7.623885 
-7.622996 
-7.621847 
-7.620437 
-7.618767 
-7.616834 
-7.614640 
-7.612184 
-7.609466 
-7.606487 
-7.603247 
-7.599747 
-7.595987 
-7.591969 
-7.587694 
-7.583163 
-7.578377 
-7.573339 
-7.568049 
-7.562509 
-7.556723 
-7.550691 
-7.544415 
-7.537900 
-7.531146 
-7.524156 
-7.516934 
-7.509482 
-7.501802 
-7.493898 
-7.485774 
-7.477431 
-7.468874 
-7.460106 
-7.451129 
-7.441949 
-7.432567 
-7.422988 
-7.413216 
-7.403253 
-7.393104 
-7.382773 
-7.372263 
-7.361578 
-7.350722 
-7.339698 
-7.328512 
-7.317166 
-7.305665 
-7.294012 
-7.282211 
-7.270267 
-7.258183 
-7.245964 
-7.233612 
-7.221133 
-7.208529 
-7.195806 
-7.182967 
-7.170015 
-7.156955 
-7.143790 
-7.130525 
-7.117163 
-7.103707 
-7.090163 
-7.076533 
-7.062822 
-7.049033 
-7.035169 
-7.021235 
-7.007235 
-6.993171 
-6.979047 
-6.964868 
-6.950636 
-6.936356 
-6.922030 
-6.907663 
-6.893258 
-6.878818 
-6.864347 
-6.849848 
-6.835325 
-6.820782 
-6.806221 
-6.791646 
-6.777060 
-6.762468 
-6.747871 
-6.733275 
-6.718681 
-6.704094 
-6.689517 
-6.674952 
-6.660405 
-6.645877 
-6.631373 
-6.616896 
-6.602448 
-6.588035 
-6.573659 
-6.559323 
-6.545031 
-6.530788 
-6.516595 
-6.502458 
-6.488379 
-6.474362 
-6.460412 
-6.446532 
-6.432725 
-6.418997 
-6.405350 
-6.391790 
-6.378320 
-6.364944 
-6.351668 
-6.338496 
-6.325432 
-6.312483 
-6.299651 
-6.286944 
-6.274366 
-6.261923 
-6.249622 
-6.237468 
-6.225469 
-6.213630 
-6.201961 
-6.190468 
-6.179160 
-6.168047 
-6.157139 
-6.146445 
-6.135980 
-6.125754 
-6.115784 
-6.106087 
-6.096681 
-6.087589 
-6.078839 
-6.070463 
-6.062504 
-6.055015 
-6.048074 
-6.041802 
-6.036426 
-6.032730 
-6.028731 
-6.023818 
-6.018092 
-6.011688 
-6.004711 
-5.997236 
-5.989319 
-5.981002 
-5.972319 
-5.963298 
-5.953963 
-5.944334 
-5.934429 
-5.924264 
-5.913852 
-5.903206 
-5.892339 
-5.881261 
-5.869982 
-5.858512 
-5.846862 
-5.835038 
-5.823051 
-5.810910 
-5.798621 
-5.786194 
-5.773636 
-5.760957 
-5.748163 
-5.735264 
-5.722266 
-5.709179 
-5.696011 
-5.682770 
-5.669463 
-5.656100 
-5.642688 
-5.629236 
-5.615752 
-5.602245 
-5.588721 
-5.575191 
-5.561660 
-5.548138 
-5.534632 
-5.521150 
-5.507699 
-5.494286 
-5.480919 
-5.467605 
-5.454349 
-5.441159 
-5.428042 
-5.415003 
-5.402048 
-5.389183 
-5.376414 
-5.363746 
-5.351184 
-5.338735 
-5.326402 
-5.314191 
-5.302107 
-5.290155 
-5.278340 
-5.266667 
-5.255140 
-5.243764 
-5.232546 
-5.221489 
-5.210600 
-5.199883 
-5.189346 
-5.178993 
-5.168833 
-5.158871 
-5.149117 
-5.139577 
-5.130262 
-5.121183 
-5.112351 
-5.103779 
-5.095484 
-5.087484 
-5.079802 
-5.072466 
-5.065511 
-5.058986 
-5.052959 
-5.047540 
-5.042945 
-5.040075 
-5.036639 
-5.032359 
-5.027365 
-5.021785 
-5.015714 
-5.009218 
-5.002348 
-4.995142 
-4.987629 
-4.979836 
-4.971784 
-4.963491 
-4.954972 
-4.946242 
-4.937313 
-4.928195 
-4.918900 
-4.909435 
-4.899811 
-4.890034 
-4.880112 
-4.870052 
-4.859860 
-4.849542 
-4.839104 
-4.828551 
-4.817889 
-4.807122 
-4.796255 
-4.785293 
-4.774240 
-4.763101 
-4.751879 
-4.740578 
-4.729203 
-4.717757 
-4.706244 
-4.694668 
-4.683032 
-4.671341 
-4.659596 
-4.647803 
-4.635963 
-4.624082 
-4.612162 
-4.600206 
-4.588219 
-4.576202 
-4.564160 
-4.552096 
-4.540013 
-4.527915 
-4.515804 
-4.503685 
-4.491559 
-4.479431 
-4.467303 
-4.455178 
-4.443061 
-4.430953 
-4.418858 
-4.406778 
-4.394717 
-4.382676 
-4.370660 
-4.358670 
-4.346710 
-4.334780 
-4.322885 
-4.311025 
-4.299204 
-4.287423 
-4.275684 
-4.263989 
-4.252340 
-4.240738 
-4.229184 
-4.217681 
-4.206230 
-4.194832 
-4.183487 
-4.172197 
-4.160963 
-4.149786 
-4.138666 
-4.127604 
-4.116602 
-4.105658 
-4.094775 
-4.083951 
-4.073189 
-4.062487 
-4.051847 
-4.041268 
-4.030751 
-4.020296 
-4.009903 
-3.999572 
-3.989303 
-3.979097 
-3.968953 
-3.958871 
-3.948852 
-3.938894 
-3.928999 
-3.919167 
-3.909396 
-3.899687 
-3.890041 
-3.880456 
-3.870933 
-3.861472 
-3.852073 
-3.842735 
-3.833458 
-3.824243 
-3.815090 
-3.805997 
-3.796965 
-3.787995 
-3.779085 
-3.770236 
-3.761448 
-3.752720 
-3.744053 
-3.735446 
-3.726900 
-3.718413 
-3.709987 
-3.701621 
-3.693315 
-3.685069 
-3.676883 
-3.668756 
-3.660689 
-3.652682 
-3.644734 
-3.636845 
-3.629016 
-3.621246 
-3.613535 
-3.605883 
-3.598290 
-3.590757 
-3.583281 
-3.575865 
-3.568507 
-3.561208 
-3.553967 
-3.546784 
-3.539660 
-3.532594 
-3.525586 
-3.518636 
-3.511743 
-3.504909 
-3.498132 
-3.491412 
-3.484750 
-3.478145 
-3.471597 
-3.465107 
-3.458673 
-3.452296 
-3.445976 
-3.439713 
-3.433506 
-3.427355 
-3.421261 
-3.415223 
-3.409241 
-3.403315 
-3.397444 
-3.391630 
-3.385871 
-3.380167 
-3.374519 
-3.368927 
-3.363390 
-3.357907 
-3.352480 
-3.347108 
-3.341791 
-3.336529 
-3.331322 
-3.326169 
-3.321071 
-3.316028 
-3.311039 
-3.306105 
-3.301226 
-3.296401 
-3.291631 
-3.286915 
-3.282254 
-3.277647 
-3.273095 
-3.268597 
-3.264154 
-3.259766 
-3.255433 
-3.251154 
-3.246931 
-3.242762 
-3.238648 
-3.234590 
-3.230586 
-3.226639 
-3.222746 
-3.218909 
-3.215128 
-3.211403 
-3.207733 
-3.204120 
-3.200563 
-3.197063 
-3.193619 
-3.190232 
-3.186902 
-3.183629 
-3.180413 
-3.177254 
-3.174153 
-3.171109 
-3.168124 
-3.165196 
-3.162326 
-3.159514 
-3.156760 
-3.154065 
-3.151427 
-3.148848 
-3.146328 
-3.143865 
-3.141461 
-3.139115 
-3.136828 
-3.134598 
-3.132427 
-3.130313 
-3.128257 
-3.126259 
-3.124317 
-3.122433 
-3.120606 
-3.118835 
-3.117121 
-3.115462 
-3.113859 
-3.112312 
-3.110819 
-3.109380 
-3.107996 
-3.106665 
-3.105387 
-3.104162 
-3.102990 
-3.101868 
-3.100798 
-3.099779 
-3.098810 
-3.097891 
-3.097021 
-3.096199 
-3.095425 
-3.094699 
-3.094020 
-3.093387 
-3.092801 
-3.092259 
-3.091763 
-3.091310 
-3.090902 
-3.090536 
-3.090214 
-3.089933 
-3.089694 
-3.089496 
-3.089339 
-3.089222 
-3.089145 
-3.089106 
-3.089107 
-3.089145 
-3.089221 
-3.089335 
-3.089485 
-3.089671 
-3.089894 
-3.090152 
-3.090445 
-3.090773 
-3.091135 
-3.091531 
-3.091961 
-3.092423 
-3.092919 
-3.093447 
-3.094007 
-3.094599 
-3.095222 
-3.095877 
-3.096562 
-3.097278 
-3.098025 
-3.098801 
-3.099607 
-3.100443 
-3.101308 
-3.102203 
-3.103126 
-3.104078 
-3.105059 
-3.106068 
-3.107105 
-3.108170 
-3.109263 
-3.110384 
-3.111532 
-3.112708 
-3.113912 
-3.115143 
-3.116401 
-3.117686 
-3.118999 
-3.120339 
-3.121706 
-3.123100 
-3.124521 
-3.125970 
-3.127445 
-3.128948 
-3.130477 
-3.132035 
-3.133619 
-3.135231 
-3.136870 
-3.138537 
-3.140232 
-3.141955 
-3.143705 
-3.145484 
-3.147291 
-3.149126 
-3.150990 
-3.152883 
-3.154805 
-3.156756 
-3.158736 
-3.160746 
-3.162787 
-3.164857 
-3.166957 
-3.169089 
-3.171251 
-3.173444 
-3.175669 
-3.177926 
-3.180215 
-3.182537 
-3.184891 
-3.187279 
-3.189700 
-3.192155 
-3.194645 
-3.197168 
-3.199727 
-3.202322 
-3.204952 
-3.207618 
-3.210321 
-3.213061 
-3.215838 
-3.218653 
-3.221507 
-3.224399 
-3.227331 
-3.230302 
-3.233313 
-3.236364 
-3.239457 
-3.242591 
-3.245767 
-3.248986 
-3.252247 
-3.255551 
-3.258900 
-3.262293 
-3.265730 
-3.269213 
-3.272741 
-3.276316 
-3.279937 
-3.283606 
-3.287322 
-3.291086 
-3.294899 
-3.298760 
-3.302672 
-3.306633 
-3.310644 
-3.314707 
-3.318820 
-3.322986 
-3.327203 
-3.331473 
-3.335796 
-3.340172 
-3.344603 
-3.349087 
-3.353626 
-3.358219 
-3.362868 
-3.367573 
-3.372333 
-3.377150 
-3.382023 
-3.386952 
-3.391939 
-3.396983 
-3.402085 
-3.407244 
-3.412462 
-3.417737 
-3.423070 
-3.428462 
-3.433913 
-3.439422 
-3.444990 
-3.450616 
-3.456301 
-3.462045 
-3.467847 
-3.473708 
-3.479628 
-3.485606 
-3.491643 
-3.497737 
-3.503890 
-3.510100 
-3.516368 
-3.522693 
-3.529075 
-3.535514 
-3.542009 
-3.548560 
-3.555167 
-3.561828 
-3.568544 
-3.575314 
-3.582137 
-3.589013 
-3.595941 
-3.602921 
-3.609952 
-3.617033 
-3.624164 
-3.631343 
-3.638570 
-3.645844 
-3.653164 
-3.660529 
-3.667939 
-3.675391 
-3.682886 
-3.690422 
-3.697998 
-3.705613 
-3.713265 
-3.720954 
-3.728678 
-3.736436 
-3.744227 
-3.752049 
-3.759901 
-3.767781 
-3.775688 
-3.783621 
-3.791577 
-3.799556 
-3.807556 
-3.815574 
-3.823610 
-3.831661 
-3.839726 
-3.847804 
-3.855891 
-3.863986 
-3.872088 
-3.880193 
-3.888302 
-3.896410 
-3.904516 
-3.912618 
-3.920714 
-3.928802 
-3.936879 
-3.944942 
-3.952990 
-3.961020 
-3.969030 
-3.977017 
-3.984979 
-3.992912 
-4.000815 
-4.008684 
-4.016517 
-4.024311 
-4.032062 
-4.039769 
-4.047426 
-4.055033 
-4.062584 
-4.070077 
-4.077507 
-4.084872 
-4.092167 
-4.099389 
-4.106532 
-4.113592 
-4.120565 
-4.127446 
-4.134228 
-4.140907 
-4.147475 
-4.153926 
-4.160253 
-4.166446 
-4.172498 
-4.178397 
-4.184131 
-4.189687 
-4.195049 
-4.200197 
-4.205106 
-4.209744 
-4.214069 
-4.218016 
-4.221472 
-4.224148 
-4.226494 
-4.229379 
-4.232780 
-4.236615 
-4.240822 
-4.245352 
-4.250169 
-4.255249 
-4.260571 
-4.266119 
-4.271879 
-4.277840 
-4.283992 
-4.290327 
-4.296838 
-4.303519 
-4.310364 
-4.317367 
-4.324526 
-4.331835 
-4.339291 
-4.346891 
-4.354631 
-4.362510 
-4.370524 
-4.378671 
-4.386949 
-4.395355 
-4.403890 
-4.412549 
-4.421333 
-4.430238 
-4.439265 
-4.448411 
-4.457676 
-4.467058 
-4.476556 
-4.486169 
-4.495897 
-4.505737 
-4.515690 
-4.525755 
-4.535930 
-4.546215 
-4.556610 
-4.567112 
-4.577723 
-4.588441 
-4.599265 
-4.610195 
-4.621230 
-4.632369 
-4.643613 
-4.654960 
-4.666409 
-4.677961 
-4.689613 
-4.701367 
-4.713221 
-4.725174 
-4.737226 
-4.749376 
-4.761623 
-4.773967 
-4.786406 
-4.798941 
-4.811569 
-4.824290 
-4.837104 
-4.850009 
-4.863004 
-4.876088 
-4.889260 
-4.902519 
-4.915863 
-4.929291 
-4.942802 
-4.956395 
-4.970067 
-4.983818 
-4.997645 
-5.011547 
-5.025523 
-5.039569 
-5.053685 
-5.067867 
-5.082115 
-5.096426 
-5.110797 
-5.125226 
-5.139710 
-5.154247 
-5.168835 
-5.183469 
-5.198149 
-5.212869 
-5.227629 
-5.242423 
-5.257249 
-5.272104 
-5.286984 
-5.301885 
-5.316804 
-5.331737 
-5.346681 
-5.361631 
-5.376582 
-5.391532 
-5.406477 
-5.421410 
-5.436330 
-5.451230 
-5.466106 
-5.480955 
-5.495771 
-5.510550 
-5.525287 
-5.539978 
-5.554616 
-5.569198 
-5.583719 
-5.598174 
-5.612558 
-5.626865 
-5.641090 
-5.655229 
-5.669276 
-5.683226 
-5.697074 
-5.710813 
-5.724440 
-5.737947 
-5.751329 
-5.764581 
-5.777696 
-5.790669 
-5.803493 
-5.816162 
-5.828668 
-5.841006 
-5.853167 
-5.865144 
-5.876929 
-5.888513 
-5.899887 
-5.911042 
-5.921965 
-5.932647 
-5.943073 
-5.953229 
-5.963098 
-5.972662 
-5.981899 
-5.990782 
-5.999279 
-6.007349 
-6.014939 
-6.021973 
-6.028334 
-6.033804 
-6.037685 
-6.041703 
-6.046617 
-6.052349 
-6.058763 
-6.065754 
-6.073246 
-6.081182 
-6.089518 
-6.098218 
-6.107255 
-6.116602 
-6.126240 
-6.136151 
-6.146318 
-6.156727 
-6.167365 
-6.178219 
-6.189279 
-6.200534 
-6.211975 
-6.223592 
-6.235376 
-6.247319 
-6.259413 
-6.271648 
-6.284019 
-6.296515 
-6.309129 
-6.321853 
-6.334678 
-6.347594 
-6.360591 
-6.373657 
-6.386778 
-6.399937 
-6.413112 
-6.426271 
-6.439366 
-6.452321 
-6.464996 
-6.477121 
-6.488102 
-6.496160 
-6.504654 
-6.515066 
-6.527046 
-6.540025 
-6.553557 
-6.567375 
-6.581340 
-6.595379 
-6.609452 
-6.623535 
-6.637611 
-6.651667 
-6.665694 
-6.679680 
-6.693619 
-6.707502 
-6.721321 
-6.735069 
-6.748738 
-6.762319 
-6.775807 
-6.789194 
-6.802473 
-6.815636 
-6.828676 
-6.841587 
-6.854361 
-6.866992 
-6.879474 
-6.891800 
-6.903964 
-6.915959 
-6.927779 
-6.939418 
-6.950871 
-6.962132 
-6.973195 
-6.984053 
-6.994702 
-7.005135 
-7.015347 
-7.025331 
-7.035080 
-7.044588 
-7.053848 
-7.062851 
-7.071589 
-7.080052 
-7.088228 
-7.096104 
-7.103664 
-7.110889 
-7.117755 
-7.124229 
-7.130268 
-7.135808 
-7.140742 
-7.144845 
-7.146355 
-7.149029 
-7.152671 
-7.157047 
-7.161993 
-7.167401 
-7.173195 
-7.179322 
-7.185739 
-7.192412 
-7.199313 
-7.206417 
-7.213703 
-7.221151 
-7.228746 
-7.236472 
-7.244314 
-7.252260 
-7.260297 
-7.268413 
-7.276599 
-7.284843 
-7.293135 
-7.301467 
-7.309829 
-7.318213 
-7.326609 
-7.335011 
-7.343409 
-7.351796 
-7.360166 
-7.368510 
-7.376821 
-7.385092 
-7.393317 
-7.401489 
-7.409601 
-7.417647 
-7.425620 
-7.433514 
-7.441324 
-7.449043 
-7.456665 
-7.464184 
-7.471595 
-7.478891 
-7.486068 
-7.493120 
-7.500042 
-7.506827 
-7.513471 
-7.519969 
-7.526316 
-7.532506 
-7.538535 
-7.544398 
-7.550090 
-7.555606 
-7.560942 
-7.566094 
-7.571057 
-7.575826 
-7.580398 
-7.584768 
-7.588932 
-7.592887 
-7.596629 
-7.600154 
-7.603459 
-7.606540 
-7.609394 
-7.612017 
-7.614408 
-7.616562 
-7.618477 
-7.620151 
-7.621581 
-7.622764 
-7.623700 
-7.624384 
-7.624817 
-7.624995 
-7.624918 
-7.624584 
-7.623992 
-7.623141 
-7.622030 
-7.620658 
-7.619025 
-7.617130 
-7.614974 
-7.612556 
-7.609876 
-7.606935 
-7.603732 
-7.600270 
-7.596548 
-7.592567 
-7.588330 
-7.583835 
-7.579087 
-7.574084 
-7.568831 
-7.563327 
-7.557576 
-7.551580 
-7.545340 
-7.538859 
-7.532139 
-7.525184 
-7.517995 
-7.510576 
-7.502929 
-7.495058 
-7.486965 
-7.478654 
-7.470127 
-7.461389 
-7.452443 
-7.443292 
-7.433939 
-7.424388 
-7.414644 
-7.404708 
-7.394586 
-7.384281 
-7.373797 
-7.363137 
-7.352305 
-7.341306 
-7.330143 
-7.318820 
-7.307341 
-7.295710 
-7.283930 
-7.272007 
-7.259943 
-7.247743 
-7.235410 
-7.222949 
-7.210363 
-7.197657 
-7.184834 
-7.171898 
-7.158854 
-7.145704 
-7.132453 
-7.119105 
-7.105663 
-7.092131 
-7.078514 
-7.064814 
-7.051036 
-7.037183 
-7.023259 
-7.009267 
-6.995212 
-6.981097 
-6.966926 
-6.952702 
-6.938428 
-6.924109 
-6.909748 
-6.895348 
-6.880912 
-6.866446 
-6.851951 
-6.837431 
-6.822890 
-6.808331 
-6.793758 
-6.779174 
-6.764582 
-6.749986 
-6.735390 
-6.720795 
-6.706207 
-6.691628 
-6.677062 
-6.662512 
-6.647981 
-6.633473 
-6.618992 
-6.604540 
-6.590121 
-6.575739 
-6.561398 
-6.547099 
-6.532848 
-6.518648 
-6.504503 
-6.490415 
-6.476389 
-6.462429 
-6.448538 
-6.434721 
-6.420981 
-6.407322 
-6.393749 
-6.380266 
-6.366876 
-6.353586 
-6.340398 
-6.327319 
-6.314352 
-6.301503 
-6.288777 
-6.276180 
-6.263718 
-6.251396 
-6.239220 
-6.227198 
-6.215335 
-6.203641 
-6.192122 
-6.180787 
-6.169645 
-6.158706 
-6.147981 
-6.137481 
-6.127220 
-6.117212 
-6.107474 
-6.098025 
-6.088886 
-6.080085 
-6.071652 
-6.063629 
-6.056067 
-6.049041 
-6.042662 
-6.037134 
-6.033048 
-6.029076 
-6.024223 
-6.018551 
-6.012194 
-6.005258 
-5.997818 
-5.989933 
-5.981645 
-5.972988 
-5.963992 
-5.954680 
-5.945073 
-5.935189 
-5.925042 
-5.914649 
-5.904020 
-5.893169 
-5.882107 
-5.870843 
-5.859387 
-5.847750 
-5.835939 
-5.823965 
-5.811834 
-5.799556 
-5.787139 
-5.774591 
-5.761921 
-5.749136 
-5.736244 
-5.723254 
-5.710173 
-5.697011 
-5.683775 
-5.670473 
-5.657113 
-5.643705 
-5.630256 
-5.616774 
-5.603268 
-5.589746 
-5.576215 
-5.562685 
-5.549162 
-5.535654 
-5.522170 
-5.508716 
-5.495300 
-5.481930 
-5.468611 
-5.455351 
-5.442156 
-5.429033 
-5.415987 
-5.403026 
-5.390154 
-5.377377 
-5.364701 
-5.352132 
-5.339674 
-5.327332 
-5.315112 
-5.303018 
-5.291056 
-5.279230 
-5.267546 
-5.256007 
-5.244620 
-5.233390 
-5.222321 
-5.211418 
-5.200689 
-5.190138 
-5.179771 
-5.169596 
-5.159619 
-5.149848 
-5.140292 
-5.130960 
-5.121863 
-5.113011 
-5.104419 
-5.096103 
-5.088079 
-5.080372 
-5.073009 
-5.066023 
-5.059463 
-5.053396 
-5.047926 
-5.043255 
-5.040118 
-5.036630 
-5.032337 
-5.027338 
-5.021755 
-5.015682 
-5.009185 
-5.002313 
-4.995105 
-4.987591 
-4.979797 
-4.971744 
-4.963449 
-4.954929 
-4.946198 
-4.937268 
-4.928149 
-4.918853 
-4.909388 
-4.899763 
-4.889985 
-4.880063 
-4.870002 
-4.859809 
-4.849491 
-4.839052 
-4.828499 
-4.817836 
-4.807068 
-4.796201 
-4.785238 
-4.774185 
-4.763045 
-4.751822 
-4.740522 
-4.729146 
-4.717700 
-4.706187 
-4.694610 
-4.682974 
-4.671282 
-4.659537 
-4.647744 
-4.635904 
-4.624023 
-4.612102 
-4.600147 
-4.588159 
-4.576142 
-4.564100 
-4.552036 
-4.539953 
-4.527855 
-4.515744 
-4.503624 
-4.491498 
-4.479370 
-4.467242 
-4.455118 
-4.443000 
-4.430893 
-4.418797 
-4.406718 
-4.394656 
-4.382616 
-4.370600 
-4.358611 
-4.346650 
-4.334721 
-4.322825 
-4.310966 
-4.299145 
-4.287364 
-4.275625 
-4.263931 
-4.252282 
-4.240680 
-4.229127 
-4.217624 
-4.206173 
-4.194775 
-4.183430 
-4.172141 
-4.160907 
-4.149730 
-4.138611 
-4.127549 
-4.116547 
-4.105604 
-4.094720 
-4.083898 
-4.073135 
-4.062434 
-4.051794 
-4.041216 
-4.030699 
-4.020244 
-4.009851 
-3.999521 
-3.989252 
-3.979046 
-3.968903 
-3.958821 
-3.948802 
-3.938845 
-3.928950 
-3.919118 
-3.909348 
-3.899639 
-3.889993 
-3.880409 
-3.870886 
-3.861425 
-3.852026 
-3.842689 
-3.833412 
-3.824198 
-3.815044 
-3.805952 
-3.796920 
-3.787950 
-3.779041 
-3.770192 
-3.761404 
-3.752677 
-3.744010 
-3.735403 
-3.726857 
-3.718371 
-3.709945 
-3.701580 
-3.693274 
-3.685028 
-3.676842 
-3.668716 
-3.660649 
-3.652642 
-3.644694 
-3.636806 
-3.628977 
-3.621207 
-3.613497 
-3.605845 
-3.598253 
-3.590719 
-3.583244 
-3.575828 
-3.568471 
-3.561172 
-3.553931 
-3.546749 
-3.539625 
-3.532559 
-3.525551 
-3.518601 
-3.511709 
-3.504875 
-3.498098 
-3.491379 
-3.484717 
-3.478112 
-3.471565 
-3.465074 
-3.458641 
-3.452265 
-3.445945 
-3.439682 
-3.433475 
-3.427325 
-3.421230 
-3.415193 
-3.409211 
-3.403285 
-3.397415 
-3.391601 
-3.385842 
-3.380139 
-3.374491 
-3.368899 
-3.363362 
-3.357880 
-3.352453 
-3.347082 
-3.341765 
-3.336503 
-3.331296 
-3.326143 
-3.321046 
-3.316003 
-3.311014 
-3.306081 
-3.301202 
-3.296377 
-3.291607 
-3.286891 
-3.282230 
-3.277624 
-3.273072 
-3.268575 
-3.264132 
-3.259744 
-3.255411 
-3.251133 
-3.246910 
-3.242741 
-3.238628 
-3.234570 
-3.230566 
-3.226619 
-3.222727 
-3.218890 
-3.215109 
-3.211384 
-3.207715 
-3.204102 
-3.200546 
-3.197046 
-3.193602 
-3.190215 
-3.186885 
-3.183612 
-3.180397 
-3.177238 
-3.174138 
-3.171094 
-3.168109 
-3.165181 
-3.162312 
-3.159500 
-3.156746 
-3.154051 
-3.151414 
-3.148835 
-3.146315 
-3.143853 
-3.141449 
-3.139104 
-3.136816 
-3.134587 
-3.132416 
-3.130303 
-3.128247 
-3.126249 
-3.124308 
-3.122424 
-3.120597 
-3.118827 
-3.117112 
-3.115454 
-3.113852 
-3.112304 
-3.110812 
-3.109373 
-3.107989 
-3.106659 
-3.105381 
-3.104156 
-3.102984 
-3.101863 
-3.100793 
-3.099774 
-3.098805 
-3.097886 
-3.097016 
-3.096195 
-3.095422 
-3.094696 
-3.094017 
-3.093384 
-3.092798 
-3.092257 
-3.091760 
-3.091308 
-3.090900 
-3.090535 
-3.090212 
-3.089932 
-3.089693 
-3.089496 
-3.089339 
-3.089222 
-3.089144 
-3.089106 
-3.089107 
-3.089145 
-3.089222 
-3.089335 
-3.089486 
-3.089673 
-3.089895 
-3.090153 
-3.090447 
-3.090775 
-3.091137 
-3.091533 
-3.091963 
-3.092426 
-3.092921 
-3.093449 
-3.094010 
-3.094602 
-3.095225 
-3.095880 
-3.096566 
-3.097282 
-3.098028 
-3.098805 
-3.099611 
-3.100448 
-3.101313 
-3.102207 
-3.103131 
-3.104083 
-3.105064 
-3.106073 
-3.107110 
-3.108175 
-3.109268 
-3.110389 
-3.111538 
-3.112714 
-3.113918 
-3.115149 
-3.116407 
-3.117693 
-3.119006 
-3.120346 
-3.121713 
-3.123107 
-3.124528 
-3.125977 
-3.127452 
-3.128955 
-3.130485 
-3.132042 
-3.133627 
-3.135239 
-3.136879 
-3.138546 
-3.140241 
-3.141963 
-3.143714 
-3.145493 
-3.147300 
-3.149135 
-3.151000 
-3.152893 
-3.154814 
-3.156766 
-3.158746 
-3.160757 
-3.162797 
-3.164867 
-3.166968 
-3.169099 
-3.171262 
-3.173455 
-3.175681 
-3.177938 
-3.180227 
-3.182549 
-3.184903 
-3.187291 
-3.189712 
-3.192167 
-3.194657 
-3.197181 
-3.199740 
-3.202335 
-3.204965 
-3.207631 
-3.210334 
-3.213074 
-3.215852 
-3.218667 
-3.221521 
-3.224413 
-3.227345 
-3.230316 
-3.233328 
-3.236380 
-3.239472 
-3.242607 
-3.245783 
-3.249002 
-3.252263 
-3.255568 
-3.258917 
-3.262309 
-3.265747 
-3.269230 
-3.272759 
-3.276334 
-3.279955 
-3.283624 
-3.287340 
-3.291105 
-3.294917 
-3.298779 
-3.302691 
-3.306652 
-3.310664 
-3.314727 
-3.318841 
-3.323006 
-3.327224 
-3.331494 
-3.335817 
-3.340194 
-3.344625 
-3.349109 
-3.353648 
-3.358242 
-3.362891 
-3.367596 
-3.372357 
-3.377174 
-3.382047 
-3.386977 
-3.391964 
-3.397008 
-3.402110 
-3.407270 
-3.412487 
-3.417763 
-3.423097 
-3.428489 
-3.433940 
-3.439449 
-3.445017 
-3.450644 
-3.456329 
-3.462073 
-3.467876 
-3.473737 
-3.479657 
-3.485636 
-3.491672 
-3.497767 
-3.503920 
-3.510131 
-3.516399 
-3.522725 
-3.529107 
-3.535546 
-3.542041 
-3.548593 
-3.555199 
-3.561861 
-3.568577 
-3.575347 
-3.582171 
-3.589047 
-3.595976 
-3.602956 
-3.609987 
-3.617068 
-3.624199 
-3.631379 
-3.638606 
-3.645880 
-3.653200 
-3.660566 
-3.667975 
-3.675428 
-3.682923 
-3.690459 
-3.698035 
-3.705650 
-3.713303 
-3.720992 
-3.728716 
-3.736474 
-3.744265 
-3.752087 
-3.759939 
-3.767820 
-3.775727 
-3.783660 
-3.791616 
-3.799595 
-3.807595 
-3.815614 
-3.823649 
-3.831701 
-3.839766 
-3.847843 
-3.855930 
-3.864026 
-3.872127 
-3.880233 
-3.888341 
-3.896449 
-3.904556 
-3.912658 
-3.920754 
-3.928841 
-3.936918 
-3.944982 
-3.953030 
-3.961060 
-3.969069 
-3.977056 
-3.985018 
-3.992951 
-4.000854 
-4.008723 
-4.016555 
-4.024349 
-4.032100 
-4.039806 
-4.047464 
-4.055070 
-4.062621 
-4.070113 
-4.077544 
-4.084908 
-4.092203 
-4.099424 
-4.106567 
-4.113627 
-4.120599 
-4.127479 
-4.134261 
-4.140939 
-4.147507 
-4.153957 
-4.160283 
-4.166476 
-4.172527 
-4.178425 
-4.184159 
-4.189714 
-4.195075 
-4.200221 
-4.205129 
-4.209766 
-4.214090 
-4.218035 
-4.221487 
-4.224157 
-4.226507 
-4.229395 
-4.232796 
-4.236635 
-4.240843 
-4.245374 
-4.250193 
-4.255275 
-4.260598 
-4.266147 
-4.271908 
-4.277870 
-4.284023 
-4.290359 
-4.296871 
-4.303553 
-4.310398 
-4.317402 
-4.324562 
-4.331871 
-4.339328 
-4.346928 
-4.354669 
-4.362549 
-4.370563 
-4.378711 
-4.386989 
-4.395397 
-4.403932 
-4.412592 
-4.421376 
-4.430282 
-4.439310 
