0.000000 
0.001044
0.006513
0.014058
0.022081
0.030176
0.038259
0.046313
0.054334
0.062322
0.070277
0.078198
0.086086
0.093942
0.101765
0.109555
0.117313
0.125038
0.132733
0.140395
0.148026
0.155627
0.163196
0.170735
0.178245
0.185724
0.193174
0.200595
0.207988
0.215352
0.222688
0.229997
0.237278
0.244533
0.251761
0.258964
0.266141
0.273294
0.280421
0.287525
0.294605
0.301662
0.308696
0.315707
0.322698
0.329666
0.336614
0.343542
0.350450
0.357338
0.364208
0.371060
0.377893
0.384709
0.391509
0.398292
0.405059
0.411811
0.418549
0.425272
0.431981
0.438676
0.445359
0.452030
0.458689
0.465336
0.471973
0.478599
0.485215
0.491821
0.498419
0.505008
0.511589
0.518162
0.524727
0.531286
0.537839
0.544385
0.550925
0.557461
0.563991
0.570517
0.577038
0.583556
0.590070
0.596581
0.603089
0.609595
0.616098
0.622598
0.629098
0.635595
0.642091
0.648586
0.655080
0.661574
0.668066
0.674559
0.681051
0.687543
0.694035
0.700527
0.707019
0.713511
0.720004
0.726497
0.732991
0.739484
0.745978
0.752473
0.758968
0.765463
0.771958
0.778453
0.784948
0.791443
0.797938
0.804432
0.810925
0.817418
0.823910
0.830401
0.836890
0.843377
0.849862
0.856346
0.862826
0.869304
0.875778
0.882249
0.888716
0.895179
0.901637
0.908090
0.914537
0.920978
0.927414
0.933842
0.940263
0.946676
0.953081
0.959477
0.965864
0.972241
0.978607
0.984963
0.991308
0.997640
1.003959
1.010266
1.016559
1.022837
1.029100
1.035348
1.041580
1.047795
1.053992
1.060172
1.066332
1.072474
1.078595
1.084696
1.090776
1.096834
1.102870
1.108882
1.114871
1.120835
1.126775
1.132689
1.138576
1.144437
1.150271
1.156076
1.161853
1.167601
1.173318
1.179006
1.184662
1.190287
1.195880
1.201440
1.206967
1.212460
1.217919
1.223343
1.228732
1.234085
1.239402
1.244681
1.249924
1.255129
1.260295
1.265423
1.270512
1.275561
1.280570
1.285539
1.290467
1.295353
1.300198
1.305001
1.309761
1.314479
1.319153
1.323784
1.328371
1.332913
1.337411
1.341864
1.346272
1.350634
1.354950
1.359220
1.363443
1.367619
1.371748
1.375829
1.379863
1.383848
1.387785
1.391673
1.395512
1.399301
1.403041
1.406730
1.410369
1.413957
1.417493
1.420978
1.424411
1.427791
1.431119
1.434392
1.437612
1.440777
1.443886
1.446940
1.449937
1.452876
1.455756
1.458577
1.461338
1.464036
1.466670
1.469240
1.471742
1.474175
1.476537
1.478823
1.481032
1.483158
1.485197
1.487141
1.488984
1.490712
1.492312
1.493757
1.495000
1.495899
1.496800
1.497899
1.499182
1.500615
1.502175
1.503843
1.505607
1.507455
1.509380
1.511374
1.513432
1.515549
1.517721
1.519943
1.522212
1.524525
1.526879
1.529272
1.531701
1.534165
1.536660
1.539186
1.541740
1.544321
1.546927
1.549557
1.552210
1.554883
1.557577
1.560289
1.563019
1.565766
1.568528
1.571305
1.574095
1.576898
1.579713
1.582540
1.585376
1.588222
1.591077
1.593941
1.596811
1.599689
1.602573
1.605463
1.608357
1.611257
1.614160
1.617066
1.619976
1.622888
1.625802
1.628717
1.631633
1.634550
1.637467
1.640384
1.643300
1.646215
1.649129
1.652040
1.654949
1.657856
1.660759
1.663660
1.666556
1.669448
1.672335
1.675218
1.678096
1.680967
1.683833
1.686693
1.689546
1.692392
1.695231
1.698062
1.700885
1.703699
1.706505
1.709302
1.712090
1.714868
1.717635
1.720392
1.723139
1.725874
1.728598
1.731310
1.734009
1.736696
1.739371
1.742031
1.744678
1.747312
1.749930
1.752534
1.755123
1.757696
1.760254
1.762795
1.765320
1.767827
1.770318
1.772790
1.775245
1.777681
1.780098
1.782496
1.784875
1.787233
1.789572
1.791890
1.794187
1.796463
1.798717
1.800949
1.803159
1.805346
1.807510
1.809651
1.811768
1.813862
1.815931
1.817975
1.819994
1.821988
1.823957
1.825899
1.827815
1.829704
1.831566
1.833401
1.835208
1.836986
1.838736
1.840456
1.842146
1.843807
1.845436
1.847034
1.848600
1.850132
1.851632
1.853096
1.854524
1.855916
1.857270
1.858583
1.859856
1.861084
1.862267
1.863400
1.864480
1.865502
1.866459
1.867341
1.868133
1.868804
1.869222
1.869723
1.870345
1.871070
1.871880
1.872761
1.873703
1.874698
1.875740
1.876826
1.877951
1.879112
1.880306
1.881531
1.882784
1.884063
1.885368
1.886696
1.888045
1.889414
1.890803
1.892209
1.893633
1.895071
1.896524
1.897991
1.899470
1.900961
1.902462
1.903973
1.905493
1.907020
1.908553
1.910091
1.911633
1.913176
1.914718
1.916255
1.917782
1.919290
1.920763
1.922169
1.923437
1.924353
1.925336
1.926543
1.927929
1.929429
1.930991
1.932584
1.934193
1.935809
1.937428
1.939047
1.940666
1.942281
1.943893
1.945501
1.947104
1.948700
1.950290
1.951873
1.953447
1.955013
1.956570
1.958117
1.959653
1.961178
1.962691
1.964192
1.965679
1.967152
1.968612
1.970056
1.971484
1.972896
1.974291
1.975668
1.977027
1.978367
1.979687
1.980987
1.982266
1.983523
1.984758
1.985969
1.987156
1.988317
1.989453
1.990561
1.991640
1.992689
1.993706
1.994689
1.995636
1.996545
1.997411
1.998231
1.998998
1.999704
2.000334
2.000858
2.001084
2.001451
2.001936
2.002513
2.003163
2.003874
2.004636
2.005444
2.006293
2.007178
2.008098
2.009049
2.010029
2.011036
2.012068
2.013125
2.014204
2.015304
2.016425
2.017565
2.018723
2.019899
2.021092
2.022301
2.023525
2.024764
2.026017
2.027283
2.028562
2.029855
2.031159
2.032475
2.033802
2.035140
2.036488
2.037847
2.039215
2.040593
2.041980
2.043376
2.044781
2.046194
2.047615
2.049044
2.050481
2.051925
2.053377
2.054835
2.056301
2.057773
2.059252
2.060737
2.062228
2.063726
2.065229
2.066738
2.068253
2.069773
2.071299
2.072830
2.074366
2.075907
2.077453
2.079004
2.080560
2.082120
2.083684
2.085253
2.086827
2.088404
2.089985
2.091571
2.093160
2.094753
2.096350
2.097951
2.099555
2.101162
2.102773
2.104387
2.106004
2.107624
2.109248
2.110874
2.112503
2.114135
2.115769
2.117406
2.119046
2.120688
2.122332
2.123979
2.125627
2.127278
2.128931
2.130586
2.132243
2.133901
2.135562
2.137224
2.138888
2.140553
2.142220
2.143888
2.145558
2.147229
2.148901
2.150575
2.152249
2.153925
2.155602
2.157280
2.158959
2.160639
2.162319
2.164001
2.165683
2.167366
2.169050
2.170735
2.172420
2.174106
2.175793
2.177480
2.179168
2.180856
2.182545
2.184235
2.185925
2.187615
2.189306
2.190997
2.192688
2.194380
2.196073
2.197765
2.199458
2.201152
2.202845
2.204539
2.206233
2.207928
2.209622
2.211317
2.213012
2.214707
2.216402
2.218098
2.219793
2.221489
2.223184
2.224880
2.226576
2.228271
2.229967
2.231662
2.233357
2.235052
2.236747
2.238441
2.240135
2.241828
2.243522
2.245214
2.246906
2.248598
2.250288
2.251978
2.253667
2.255355
2.257042
2.258727
2.260412
2.262095
2.263776
2.265456
2.267134
2.268811
2.270485
2.272157
2.273827
2.275494
2.277159
2.278821
2.280479
2.282135
2.283787
2.285435
2.287080
2.288720
2.290356
2.291987
2.293613
2.295233
2.296849
2.298458
2.300060
2.301656
2.303245
2.304827
2.306400
2.307965
2.309521
2.311068
2.312604
2.314130
2.315645
2.317148
2.318638
2.320115
2.321578
2.323027
2.324459
2.325874
2.327272
2.328650
2.330009
2.331346
2.332659
2.333949
2.335212
2.336446
2.337650
2.338820
2.339954
2.341048
2.342097
2.343097
2.344040
2.344915
2.345707
2.346387
2.346856
2.347363
2.347987
2.348715
2.349531
2.350422
2.351378
2.352394
2.353463
2.354582
2.355747
2.356957
2.358208
2.359500
2.360829
2.362195
2.363597
2.365033
2.366502
2.368003
2.369535
2.371098
2.372691
2.374312
2.375961
2.377637
2.379340
2.381069
2.382822
2.384600
2.386401
2.388225
2.390071
2.391937
2.393824
2.395730
2.397655
2.399597
2.401555
2.403530
2.405519
2.407521
2.409537
2.411564
2.413602
2.415649
2.417705
2.419769
2.421840
2.423916
2.425997
2.428081
2.430168
2.432256
2.434345
2.436434
2.438521
2.440606
2.442687
2.444763
2.446834
2.448899
2.450956
2.453004
2.455043
2.457070
2.459086
2.461089
2.463078
2.465051
2.467007
2.468945
2.470864
2.472762
2.474637
2.476488
2.478314
2.480111
2.481878
2.483613
2.485313
2.486976
2.488597
2.490174
2.491702
2.493176
2.494590
2.495937
2.497205
2.498381
2.499441
2.500344
2.500908
2.501586
2.502432
2.503422
2.504531
2.505743
2.507044
2.508426
2.509882
2.511406
2.512995
2.514645
2.516354
2.518118
2.519936
2.521806
2.523727
2.525696
2.527714
2.529778
2.531889
2.534045
2.536246
2.538491
2.540779
2.543110
2.545484
2.547899
2.550357
2.552856
2.555396
2.557977
2.560599
2.563261
2.565964
2.568706
2.571489
2.574312
2.577174
2.580076
2.583017
2.585998
2.589018
2.592076
2.595174
2.598311
2.601486
2.604700
2.607952
2.611242
2.614570
2.617936
2.621339
2.624780
2.628257
2.631772
2.635323
2.638910
2.642534
2.646193
2.649887
2.653617
2.657381
2.661180
2.665012
2.668879
2.672778
2.676711
2.680677
2.684675
2.688705
2.692766
2.696860
2.700984
2.705139
2.709325
2.713542
2.717788
2.722065
2.726371
2.730707
2.735072
2.739466
2.743890
2.748343
2.752824
2.757335
2.761874
2.766442
2.771039
2.775665
2.780319
2.785002
2.789714
2.794454
2.799224
2.804022
2.808850
2.813706
2.818592
2.823507
2.828452
2.833425
2.838429
2.843462
2.848525
2.853618
2.858741
2.863895
2.869078
2.874293
2.879538
2.884813
2.890120
2.895458
2.900827
2.906227
2.911659
2.917122
2.922617
2.928144
2.933703
2.939294
2.944918
2.950574
2.956262
2.961983
2.967737
2.973524
2.979343
2.985196
2.991082
2.997002
3.002954
3.008941
3.014960
3.021014
3.027101
3.033223
3.039378
3.045567
3.051791
3.058049
3.064341
3.070667
3.077028
3.083423
3.089853
3.096318
3.102818
3.109352
3.115921
3.122526
3.129165
3.135840
3.142550
3.149295
3.156075
3.162891
3.169742
3.176629
3.183552
3.190510
3.197504
3.204535
3.211601
3.218703
3.225841
3.233015
3.240226
3.247473
3.254756
3.262076
3.269433
3.276826
3.284256
3.291723
3.299226
3.306767
3.314344
3.321959
3.329610
3.337299
3.345025
3.352788
3.360588
3.368426
3.376301
3.384213
3.392162
3.400149
3.408173
3.416234
3.424332
3.432467
3.440639
3.448848
3.457094
3.465377
3.473696
3.482051
3.490442
3.498869
3.507331
3.515829
3.524362
3.532929
3.541531
3.550166
3.558834
3.567536
3.576269
3.585035
3.593831
3.602658
3.611514
3.620400
3.629313
3.638254
3.647222
3.656214
3.665232
3.674273
3.683336
3.692421
3.701525
3.710649
3.719790
3.728948
3.738120
3.747307
3.756506
3.765715
3.774934
3.784161
3.793395
3.802634
3.811876
3.821120
3.830365
3.839609
3.848850
3.858088
3.867320
3.876546
3.885763
3.894970
3.904167
3.913351
3.922522
3.931678
3.940817
3.949940
3.959044
3.968128
3.977192
3.986234
3.995254
4.004251
4.013223
4.022170
4.031091
4.039985
4.048852
4.057690
4.066501
4.075282
4.084033
4.092754
4.101444
4.110103
4.118730
4.127326
4.135889
4.144420
4.152918
4.161384
4.169816
4.178214
4.186580
4.194911
4.203209
4.211473
4.219704
4.227900
4.236063
4.244192
4.252288
4.260349
4.268377
4.276372
4.284333
4.292261
4.300155
4.308017
4.315846
4.323643
4.331407
4.339139
4.346840
4.354508
4.362146
4.369752
4.377328
4.384873
4.392388
4.399874
4.407329
4.414756
4.422154
4.429524
4.436865
4.444180
4.451466
4.458727
4.465960
4.473168
4.480350
4.487507
4.494640
4.501748
4.508833
4.515894
4.522933
4.529949
4.536943
4.543916
4.550868
4.557800
4.564712
4.571604
4.578477
4.585332
4.592169
4.598989
4.605792
4.612578
4.619349
4.626104
4.632844
4.639569
4.646281
4.652980
4.659665
4.666338
4.672999
4.679649
4.686287
4.692915
4.699533
4.706142
4.712741
4.719332
4.725914
4.732489
4.739056
4.745616
4.752169
4.758717
4.765259
4.771795
4.778326
4.784853
4.791375
4.797894
4.804409
4.810920
4.817429
4.823935
4.830438
4.836939
4.843439
4.849937
4.856433
4.862928
4.869423
4.875916
4.882409
4.888901
4.895393
4.901885
4.908377
4.914869
4.921362
4.927854
4.934347
4.940840
4.947333
4.953827
4.960321
4.966815
4.973310
4.979805
4.986300
4.992795
4.999290
5.005785
5.012280
5.018774
5.025268
5.031761
5.038253
5.044744
5.051233
5.057721
5.064207
5.070690
5.077171
5.083650
5.090125
5.096596
5.103064
5.109528
5.115986
5.122440
5.128889
5.135332
5.141768
5.148198
5.154620
5.161035
5.167441
5.173839
5.180228
5.186607
5.192976
5.199334
5.205680
5.212015
5.218337
5.224646
5.230942
5.237223
5.243489
5.249740
5.255975
5.262193
5.268394
5.274577
5.280742
5.286887
5.293013
5.299118
5.305202
5.311264
5.317304
5.323321
5.329315
5.335284
5.341229
5.347148
5.353041
5.358907
5.364746
5.370557
5.376339
5.382093
5.387816
5.393510
5.399172
5.404804
5.410403
5.415969
5.421503
5.427003
5.432469
5.437900
5.443295
5.448655
5.453979
5.459266
5.464516
5.469729
5.474903
5.480038
5.485135
5.490192
5.495209
5.500186
5.505121
5.510016
5.514869
5.519681
5.524449
5.529175
5.533858
5.538498
5.543093
5.547645
5.552151
5.556613
5.561030
5.565401
5.569726
5.574005
5.578237
5.582423
5.586561
5.590652
5.594695
5.598690
5.602636
5.606534
5.610382
5.614182
5.617931
5.621630
5.625279
5.628877
5.632424
5.635919
5.639362
5.642753
5.646091
5.649375
5.652605
5.655781
5.658902
5.661966
5.664974
5.667925
5.670817
5.673650
5.676422
5.679133
5.681780
5.684363
5.686878
5.689325
5.691701
5.694003
5.696227
5.698370
5.700426
5.702390
5.704253
5.706006
5.707632
5.709110
5.710400
5.711395
5.712266
5.713334
5.714588
5.715998
5.717539
5.719191
5.720939
5.722774
5.724687
5.726671
5.728719
5.730827
5.732990
5.735204
5.737465
5.739771
5.742119
5.744506
5.746929
5.749387
5.751878
5.754399
5.756948
5.759525
5.762127
5.764753
5.767402
5.770073
5.772763
5.775472
5.778199
5.780943
5.783703
5.786477
5.789266
5.792067
5.794880
5.797704
5.800539
5.803384
5.806238
5.809100
5.811969
5.814846
5.817729
5.820618
5.823512
5.826410
5.829313
5.832219
5.835128
5.838039
5.840953
5.843868
5.846784
5.849701
5.852618
5.855535
5.858451
5.861367
5.864280
5.867192
5.870102
5.873009
5.875913
5.878813
5.881710
5.884603
5.887491
5.890375
5.893253
5.896126
5.898993
5.901854
5.904708
5.907555
5.910395
5.913227
5.916051
5.918867
5.921675
5.924473
5.927262
5.930042
5.932811
5.935570
5.938318
5.941055
5.943781
5.946495
5.949196
5.951885
5.954562
5.957225
5.959874
5.962510
5.965131
5.967737
5.970328
5.972904
5.975464
5.978008
5.980535
5.983046
5.985539
5.988014
5.990472
5.992911
5.995331
5.997733
6.000114
6.002476
6.004818
6.007140
6.009440
6.011719
6.013977
6.016213
6.018426
6.020617
6.022785
6.024930
6.027051
6.029148
6.031221
6.033269
6.035293
6.037291
6.039263
6.041210
6.043130
6.045024
6.046890
6.048730
6.050541
6.052324
6.054078
6.055803
6.057499
6.059164
6.060798
6.062401
6.063972
6.065511
6.067015
6.068485
6.069920
6.071317
6.072677
6.073998
6.075277
6.076513
6.077703
6.078844
6.079933
6.080965
6.081933
6.082828
6.083636
6.084330
6.084822
6.085330
6.085951
6.086674
6.087482
6.088361
6.089301
6.090295
6.091337
6.092421
6.093545
6.094705
6.095898
6.097122
6.098375
6.099654
6.100958
6.102285
6.103633
6.105002
6.106391
6.107797
6.109219
6.110657
6.112110
6.113577
6.115056
6.116546
6.118047
6.119558
6.121077
6.122604
6.124137
6.125675
6.127216
6.128760
6.130302
6.131839
6.133367
6.134875
6.136349
6.137757
6.139031
6.139965
6.140949
6.142153
6.143538
6.145037
6.146598
6.148191
6.149800
6.151416
6.153035
6.154654
6.156273
6.157888
6.159501
6.161108
6.162711
6.164307
6.165897
6.167480
6.169055
6.170621
6.172178
6.173725
6.175261
6.176786
6.178299
6.179800
6.181288
6.182761
6.184220
6.185665
6.187093
6.188505
6.189900
6.191278
6.192637
6.193977
6.195298
6.196598
6.197877
6.199134
6.200369
6.201581
6.202768
6.203930
6.205065
6.206173
6.207253
6.208302
6.209320
6.210303
6.211251
6.212160
6.213027
6.213847
6.214615
6.215321
6.215952
6.216478
6.216672
6.217016
6.217485
6.218050
6.218690
6.219392
6.220148
6.220949
6.221792
6.222673
6.223588
6.224534
6.225510
6.226513
6.227542
6.228595
6.229671
6.230768
6.231886
6.233024
6.234179
6.235353
6.236543
6.237750
6.238971
6.240208
6.241459
6.242724
6.244001
6.245291
6.246594
6.247908
6.249234
6.250570
6.251917
6.253274
6.254641
6.256018
6.257403
6.258798
6.260201
6.261613
6.263033
6.264461
6.265897
6.267340
6.268791
6.270248
6.271713
6.273184
6.274662
6.276146
6.277637
6.279133
6.280636
6.282144
6.283658
6.285178
6.286703
6.288233
6.289768
6.291309
6.292854
6.294404
6.295959
6.297518
6.299082
6.300651
6.302223
6.303800
6.305381
6.306966
6.308555
6.310147
6.311744
6.313344
6.314947
6.316554
6.318164
6.319778
6.321395
6.323014
6.324637
6.326263
6.327892
6.329523
6.331157
6.332794
6.334433
6.336074
6.337718
6.339365
6.341013
6.342664
6.344316
6.345971
6.347628
6.349286
6.350946
6.352608
6.354272
6.355937
6.357603
6.359271
6.360941
6.362612
6.364284
6.365957
6.367631
6.369307
6.370984
6.372662
6.374340
6.376020
6.377701
6.379382
6.381064
6.382747
6.384431
6.386116
6.387801
6.389487
6.391174
6.392861
6.394548
6.396237
6.397925
6.399615
6.401305
6.402995
6.404685
6.406377
6.408068
6.409760
6.411452
6.413145
6.414838
6.416531
6.418225
6.419919
6.421613
6.423307
6.425002
6.426696
6.428391
6.430086
6.431782
6.433477
6.435173
6.436868
6.438564
6.440259
6.441955
6.443650
6.445346
6.447041
6.448736
6.450431
6.452126
6.453820
6.455514
6.457208
6.458901
6.460594
6.462286
6.463977
6.465668
6.467358
6.469047
6.470735
6.472422
6.474108
6.475793
6.477476
6.479158
6.480838
6.482516
6.484193
6.485867
6.487540
6.489210
6.490878
6.492543
6.494205
6.495864
6.497520
6.499173
6.500822
6.502467
6.504107
6.505744
6.507376
6.509002
6.510624
6.512240
6.513850
6.515454
6.517051
6.518641
6.520223
6.521798
6.523364
6.524921
6.526469
6.528007
6.529535
6.531051
6.532556
6.534048
6.535527
6.536992
6.538443
6.539877
6.541295
6.542695
6.544077
6.545438
6.546778
6.548096
6.549388
6.550655
6.551894
6.553102
6.554277
6.555417
6.556517
6.557573
6.558581
6.559532
6.560418
6.561223
6.561923
6.562440
6.562944
6.563560
6.564282
6.565092
6.565977
6.566929
6.567940
6.569005
6.570120
6.571282
6.572489
6.573737
6.575025
6.576352
6.577715
6.579114
6.580548
6.582014
6.583513
6.585043
6.586604
6.588194
6.589813
6.591460
6.593134
6.594835
6.596562
6.598314
6.600090
6.601889
6.603711
6.605555
6.607420
6.609306
6.611210
6.613133
6.615074
6.617032
6.619005
6.620992
6.622994
6.625009
6.627035
6.629072
6.631119
6.633174
6.635238
6.637308
6.639383
6.641464
6.643548
6.645635
6.647723
6.649812
6.651901
6.653988
6.656073
6.658154
6.660231
6.662303
6.664368
6.666425
6.668474
6.670513
6.672542
6.674559
6.676563
6.678552
6.680527
6.682484
6.684424
6.686344
6.688244
6.690121
6.691974
6.693801
6.695601
6.697370
6.699108
6.700811
6.702476
6.704101
6.705681
6.707213
6.708692
6.710110
6.711462
6.712737
6.713920
6.714991
6.715908
6.716525
6.717213
6.718061
6.719052
6.720162
6.721374
6.722675
6.724058
6.725514
6.727039
6.728628
6.730279
6.731987
6.733752
6.735570
6.737440
6.739361
6.741331
6.743349
6.745414
6.747525
6.749681
6.751882
6.754127
6.756415
6.758747
6.761120
6.763536
6.765994
6.768493
6.771034
6.773615
6.776237
6.778899
6.781602
6.784345
6.787128
6.789951
6.792813
6.795715
6.798657
6.801638
6.804658
6.807717
6.810815
6.813951
6.817127
6.820341
6.823593
6.826883
6.830211
6.833577
6.836981
6.840422
6.843900
6.847414
6.850966
6.854553
6.858177
6.861836
6.865531
6.869260
6.873025
6.876823
6.880656
6.884523
6.888423
6.892356
6.896321
6.900320
6.904350
6.908412
6.912505
6.916630
6.920785
6.924971
6.929188
6.933434
6.937711
6.942017
6.946353
6.950719
6.955113
6.959537
6.963990
6.968472
6.972982
6.977522
6.982090
6.986687
6.991313
6.995967
7.000650
7.005362
7.010103
7.014873
7.019671
7.024499
7.029356
7.034241
7.039157
7.044101
7.049075
7.054079
7.059112
7.064175
7.069269
7.074392
7.079545
7.084729
7.089944
7.095189
7.100465
7.105771
7.111109
7.116478
7.121879
7.127311
7.132774
7.138269
7.143797
7.149356
7.154947
7.160571
7.166227
7.171916
7.177637
7.183391
7.189178
7.194997
7.200850
7.206737
7.212656
7.218609
7.224595
7.230616
7.236669
7.242757
7.248878
7.255034
7.261223
7.267447
7.273705
7.279997
7.286324
7.292685
7.299080
7.305511
7.311975
7.318475
7.325010
7.331579
7.338184
7.344823
7.351498
7.358208
7.364953
7.371734
7.378550
7.385402
7.392289
7.399212
7.406170
7.413164
7.420195
7.427261
7.434363
7.441502
7.448676
7.455887
7.463134
7.470418
7.477738
7.485095
7.492488
7.499918
7.507385
7.514889
7.522430
7.530007
7.537622
7.545274
7.552962
7.560688
7.568452
7.576252
7.584090
7.591965
7.599877
7.607827
7.615814
7.623838
7.631899
7.639997
7.648133
7.656305
7.664515
7.672761
7.681043
7.689362
7.697718
7.706109
7.714536
7.722999
7.731497
7.740030
7.748597
7.757199
7.765834
7.774503
7.783204
7.791938
7.800704
7.809500
7.818327
7.827184
7.836069
7.844983
7.853924
7.862892
7.871885
7.880902
7.889943
7.899006
7.908091
7.917196
7.926320
7.935461
7.944619
7.953791
7.962978
7.972177
7.981386
7.990605
7.999833
8.009066
8.018305
8.027547
8.036791
8.046036
8.055280
8.064522
8.073759
8.082991
8.092217
8.101434
8.110641
8.119838
8.129022
8.138193
8.147348
8.156488
8.165610
8.174714
8.183799
8.192862
8.201905
8.210924
8.219921
8.228893
8.237839
8.246760
8.255654
8.264521
8.273360
8.282170
8.290950
8.299701
8.308422
8.317112
8.325771
8.334398
8.342994
8.351557
8.360088
8.368586
8.377051
8.385483
8.393881
8.402246
8.410578
8.418876
8.427140
8.435370
8.443566
8.451729
8.459858
8.467953
8.476014
8.484042
8.492036
8.499997
8.507925
8.515820
8.523681
8.531510
8.539307
8.547071
8.554803
8.562503
8.570172
8.577809
8.585415
8.592991
8.600536
8.608051
8.615536
8.622991
8.630418
8.637816
8.645185
8.652527
8.659841
8.667128
8.674388
8.681621
8.688829
8.696011
8.703168
8.710300
8.717408
8.724493
8.731554
8.738592
8.745609
8.752603
8.759576
8.766527
8.773459
8.780371
8.787263
8.794136
8.800991
8.807828
8.814648
8.821450
8.828237
8.835007
8.841762
8.848502
8.855228
8.861939
8.868638
8.875323
8.881996
8.888657
8.895307
8.901945
8.908573
8.915191
8.921799
8.928399
8.934989
8.941571
8.948146
8.954713
8.961273
8.967827
8.974374
8.980916
8.987452
8.993983
9.000510
9.007032
9.013551
9.020066
9.026577
9.033086
9.039592
9.046095
9.052596
9.059096
9.065594
9.072090
9.078585
9.085079
9.091573
9.098066
9.104558
9.111050
9.117542
9.124034
9.130526
9.137018
9.143511
9.150003
9.156496
9.162990
9.169483
9.175977
9.182472
9.188967
9.195461
9.201957
9.208452
9.214947
9.221442
9.227937
9.234431
9.240925
9.247418
9.253910
9.260401
9.266890
9.273378
9.279863
9.286347
9.292828
9.299306
9.305781
9.312253
9.318721
9.325184
9.331643
9.338097
9.344546
9.350988
9.357425
9.363854
9.370277
9.376691
9.383098
9.389496
9.395884
9.402263
9.408632
9.414990
9.421336
9.427671
9.433993
9.440302
9.446598
9.452879
9.459145
9.465396
9.471631
9.477849
9.484050
9.490233
9.496397
9.502542
9.508668
9.514773
9.520857
9.526919
9.532959
9.538976
9.544969
9.550938
9.556883
9.562802
9.568694
9.574560
9.580399
9.586210
9.591993
9.597746
9.603469
9.609163
9.614825
9.620456
9.626055
9.631622
9.637155
9.642655
9.648120
9.653551
9.658947
9.664307
9.669630
9.674917
9.680167
9.685379
9.690553
9.695688
9.700785
9.705841
9.710858
9.715835
9.720770
9.725665
9.730518
9.735329
9.740097
9.744823
9.749506
9.754145
9.758741
9.763292
9.767798
9.772260
9.776676
9.781047
9.785372
9.789651
9.793883
9.798068
9.802206
9.806297
9.810340
9.814334
9.818280
9.822178
9.826026
9.829825
9.833574
9.837273
9.840922
9.844519
9.848066
9.851561
9.855004
9.858394
9.861732
9.865016
9.868246
9.871421
9.874542
9.877606
9.880614
9.883564
9.886456
9.889289
9.892061
9.894771
9.897418
9.900000
9.902515
9.904962
9.907337
9.909639
9.911863
9.914005
9.916061
9.918024
9.919887
9.921639
9.923265
9.924742
9.926030
9.927023
9.927895
9.928964
9.930219
9.931630
9.933171
9.934824
9.936573
9.938408
9.940322
9.942306
9.944354
9.946462
9.948625
9.950839
9.953101
9.955408
9.957756
9.960143
9.962566
9.965024
9.967515
9.970036
9.972586
9.975162
9.977765
9.980391
9.983040
9.985711
9.988401
9.991111
9.993838
9.996582
9.999341
10.002116
